========================================================================================
CORRDIFF - FASE 5 - SAZONALIDADE CONDICIONADA À DISPONIBILIDADE
========================================================================================
Versão: phase5-seasonality-v1-availability-conditioned
Cobertura temporal global: 69.00%
Timestamps disponíveis / esperados: 84684 / 122736

COBERTURA CLIMATOLÓGICA POR MÊS
----------------------------------------------------------------------------------------
 month  expected_timestamps  available_timestamps  missing_timestamps  coverage_ratio
     1                10416                  6867                3549        0.659274
     2                 9504                  7087                2417        0.745686
     3                10416                  7628                2788        0.732335
     4                10080                  7263                2817        0.720536
     5                10416                  7664                2752        0.735791
     6                10080                  6473                3607        0.642163
     7                10416                  5758                4658        0.552803
     8                10416                  5603                4813        0.537922
     9                10080                  6601                3479        0.654861
    10                10416                  8194                2222        0.786674
    11                10080                  7585                2495        0.752480
    12                10416                  7961                2455        0.764305

EVENTO gt_0 - POR MÊS
----------------------------------------------------------------------------------------
 month  coverage_ratio  pixel_event_rate  timestamp_any_event_rate  patch_any_event_rate  mean_positive_radar  mean_timestamp_max_radar
     1        0.659274          0.023214                  0.699869              0.397529            26.143054                 24.127134
     2        0.745686          0.024862                  0.637364              0.363012            28.329943                 22.170660
     3        0.732335          0.016360                  0.652596              0.358132            25.968731                 22.221239
     4        0.720536          0.009604                  0.548121              0.288276            25.568622                 17.558569
     5        0.735791          0.010185                  0.451592              0.226448            31.464269                 13.555472
     6        0.642163          0.006052                  0.443535              0.212949            26.373597                 12.597018
     7        0.552803          0.004617                  0.389719              0.171819            26.206568                 10.855113
     8        0.537922          0.009943                  0.458861              0.217815            30.405435                 13.086568
     9        0.654861          0.016098                  0.532041              0.242918            31.170191                 15.180011
    10        0.786674          0.013934                  0.575421              0.283683            26.545848                 17.446363
    11        0.752480          0.017807                  0.691365              0.374962            24.809500                 22.081373
    12        0.764305          0.019651                  0.714986              0.387619            25.492451                 23.812414

EVENTO ge_20 - POR MÊS
----------------------------------------------------------------------------------------
 month  coverage_ratio  pixel_event_rate  timestamp_any_event_rate  patch_any_event_rate  mean_positive_radar  mean_timestamp_max_radar
     1        0.659274          0.022909                  0.698267              0.396401            26.143054                 24.127134
     2        0.745686          0.024548                  0.635812              0.361730            28.329943                 22.170660
     3        0.732335          0.016147                  0.650760              0.357138            25.968731                 22.221239
     4        0.720536          0.009481                  0.545229              0.286899            25.568622                 17.558569
     5        0.735791          0.010103                  0.448460              0.224893            31.464269                 13.555472
     6        0.642163          0.005973                  0.441990              0.212073            26.373597                 12.597018
     7        0.552803          0.004563                  0.388329              0.170980            26.206568                 10.855113
     8        0.537922          0.009863                  0.456720              0.216744            30.405435                 13.086568
     9        0.654861          0.015978                  0.529011              0.241289            31.170191                 15.180011
    10        0.786674          0.013785                  0.573468              0.282371            26.545848                 17.446363
    11        0.752480          0.017562                  0.689255              0.373610            24.809500                 22.081373
    12        0.764305          0.019394                  0.712599              0.386174            25.492451                 23.812414

EVENTO ge_30 - POR MÊS
----------------------------------------------------------------------------------------
 month  coverage_ratio  pixel_event_rate  timestamp_any_event_rate  patch_any_event_rate  mean_positive_radar  mean_timestamp_max_radar
     1        0.659274          0.007112                  0.485074              0.248823            26.143054                 24.127134
     2        0.745686          0.009883                  0.445605              0.230234            28.329943                 22.170660
     3        0.732335          0.004915                  0.442187              0.222393            25.968731                 22.221239
     4        0.720536          0.002743                  0.328927              0.159633            25.568622                 17.558569
     5        0.735791          0.005315                  0.225209              0.114518            31.464269                 13.555472
     6        0.642163          0.001847                  0.180751              0.086294            26.373597                 12.597018
     7        0.552803          0.001438                  0.145537              0.067124            26.206568                 10.855113
     8        0.537922          0.004602                  0.190612              0.091023            30.405435                 13.086568
     9        0.654861          0.008256                  0.211180              0.108039            31.170191                 15.180011
    10        0.786674          0.004361                  0.287649              0.134062            26.545848                 17.446363
    11        0.752480          0.004146                  0.406856              0.201813            24.809500                 22.081373
    12        0.764305          0.005376                  0.452581              0.219246            25.492451                 23.812414

EVENTO ge_40 - POR MÊS
----------------------------------------------------------------------------------------
 month  coverage_ratio  pixel_event_rate  timestamp_any_event_rate  patch_any_event_rate  mean_positive_radar  mean_timestamp_max_radar
     1        0.659274          0.001562                  0.314111              0.134338            26.143054                 24.127134
     2        0.745686          0.002907                  0.295188              0.129721            28.329943                 22.170660
     3        0.732335          0.000986                  0.284478              0.117418            25.968731                 22.221239
     4        0.720536          0.000443                  0.171830              0.069611            25.568622                 17.558569
     5        0.735791          0.001925                  0.107777              0.046103            31.464269                 13.555472
     6        0.642163          0.000440                  0.078325              0.032005            26.373597                 12.597018
     7        0.552803          0.000326                  0.066342              0.026572            26.206568                 10.855113
     8        0.537922          0.001708                  0.083527              0.033836            30.405435                 13.086568
     9        0.654861          0.002926                  0.106499              0.046584            31.170191                 15.180011
    10        0.786674          0.001037                  0.144862              0.057105            26.545848                 17.446363
    11        0.752480          0.000608                  0.219512              0.086421            24.809500                 22.081373
    12        0.764305          0.001028                  0.271825              0.108288            25.492451                 23.812414

EVENTO ge_45 - POR MÊS
----------------------------------------------------------------------------------------
 month  coverage_ratio  pixel_event_rate  timestamp_any_event_rate  patch_any_event_rate  mean_positive_radar  mean_timestamp_max_radar
     1        0.659274          0.000440                  0.160041              0.057145            26.143054                 24.127134
     2        0.745686          0.001615                  0.154508              0.057782            28.329943                 22.170660
     3        0.732335          0.000208                  0.127687              0.044398            25.968731                 22.221239
     4        0.720536          0.000058                  0.061269              0.020297            25.568622                 17.558569
     5        0.735791          0.001472                  0.033272              0.014081            31.464269                 13.555472
     6        0.642163          0.000269                  0.024100              0.008072            26.373597                 12.597018
     7        0.552803          0.000130                  0.017714              0.006498            26.206568                 10.855113
     8        0.537922          0.001331                  0.023202              0.009534            30.405435                 13.086568
     9        0.654861          0.002222                  0.040297              0.017636            31.170191                 15.180011
    10        0.786674          0.000575                  0.059922              0.020533            26.545848                 17.446363
    11        0.752480          0.000083                  0.083850              0.026478            24.809500                 22.081373
    12        0.764305          0.000194                  0.137043              0.045283            25.492451                 23.812414

EVENTOS POR ESTAÇÃO - SOMENTE SEASON_YEARS COMPLETOS
----------------------------------------------------------------------------------------
season_code        season event_id  coverage_ratio  pixel_event_rate  timestamp_any_event_rate  patch_any_event_rate  mean_positive_radar
        DJF     DJF_verao     gt_0        0.750745          0.021741                  0.687184              0.382180            26.163625
        DJF     DJF_verao    ge_30        0.750745          0.006630                  0.461022              0.231949            26.163625
        DJF     DJF_verao    ge_40        0.750745          0.001460                  0.293481              0.123599            26.163625
        DJF     DJF_verao    ge_45        0.750745          0.000436                  0.149908              0.052609            26.163625
        JJA   JJA_inverno     gt_0        0.576928          0.006811                  0.430975              0.201198            28.186216
        JJA   JJA_inverno    ge_30        0.576928          0.002580                  0.172480              0.081590            28.186216
        JJA   JJA_inverno    ge_40        0.576928          0.000801                  0.076091              0.030826            28.186216
        JJA   JJA_inverno    ge_45        0.576928          0.000558                  0.021756              0.008023            28.186216
        MAM    MAM_outono     gt_0        0.729652          0.012086                  0.550654              0.290893            27.439984
        MAM    MAM_outono    ge_30        0.729652          0.004351                  0.331988              0.165529            27.439984
        MAM    MAM_outono    ge_40        0.729652          0.001130                  0.188162              0.077791            27.439984
        MAM    MAM_outono    ge_45        0.729652          0.000589                  0.074219              0.026336            27.439984
        SON SON_primavera     gt_0        0.731947          0.015885                  0.601921              0.302595            27.268432
        SON SON_primavera    ge_30        0.731947          0.005437                  0.305496              0.149348            27.268432
        SON SON_primavera    ge_40        0.731947          0.001448                  0.158847              0.063937            27.268432
        SON SON_primavera    ge_45        0.731947          0.000894                  0.062243              0.021693            27.268432

SAZONALIDADE DOS PREDITORES-CHAVE
----------------------------------------------------------------------------------------
 month           predictor       mean       std        p10     median        p90
     1                tcwv  44.360519  8.457494  32.760792  45.206136  54.506851
     1               t_850 291.312846  2.104016 288.256969 291.481605 293.917064
     1               r_850  74.273255 13.052418  57.338703  73.919486  92.185718
     1               t_500 266.888880  1.373492 264.918373 266.986236 268.558407
     1               r_500  45.406394 31.612148   7.827328  38.098667  92.327628
     1               v_500  -2.425470  4.730758  -8.550963  -2.404527   3.806396
     1       wind_speed_10   2.790635  1.150605   1.312287   2.754167   4.344068
     1     delta_t_500_850 -24.423966  2.261042 -27.173428 -24.664883 -21.366292
     1 delta_t_850_surface  -7.570280  1.772668 -10.003129  -7.450358  -5.333892
     1     delta_r_500_850 -28.866860 30.110061 -65.261699 -33.662973  12.815000
     2                tcwv  43.562147  8.431684  31.654383  44.601721  53.867105
     2               t_850 291.343509  1.922763 288.592631 291.548790 293.666108
     2               r_850  72.627135 12.781003  55.681553  73.155199  88.528039
     2               t_500 266.846880  1.205549 265.292440 266.941038 268.294198
     2               r_500  45.306952 31.408621   6.271499  39.052661  91.501487
     2               v_500  -2.287622  4.487081  -8.038198  -2.269922   3.632279
     2       wind_speed_10   2.644878  1.136254   1.263296   2.499588   4.214873
     2     delta_t_500_850 -24.496629  1.860705 -26.704694 -24.608017 -22.127105
     2 delta_t_850_surface  -7.716055  1.832010 -10.226597  -7.629999  -5.356113
     2     delta_r_500_850 -27.320183 29.128330 -62.783276 -31.839938  13.717245
     3                tcwv  43.032633  8.713753  30.489234  44.031976  54.000998
     3               t_850 290.416925  2.189906 287.336350 290.645890 293.069452
     3               r_850  76.312471 11.956894  61.261827  76.713994  91.683395
     3               t_500 266.805767  1.366673 265.136259 266.802727 268.498840
     3               r_500  42.760699 30.953594   5.514984  38.072452  88.103752
     3               v_500  -0.966351  4.798250  -7.088737  -0.753191   4.904634
     3       wind_speed_10   2.539141  1.100442   1.175220   2.433945   4.044876
     3     delta_t_500_850 -23.611158  2.068755 -26.073629 -23.765854 -20.761631
     3 delta_t_850_surface  -7.972962  1.830401 -10.394824  -7.903073  -5.606056
     3     delta_r_500_850 -33.551771 29.608197 -71.175151 -36.041383   7.439120
     4                tcwv  35.892628  9.131260  24.209257  35.035088  48.919652
     4               t_850 288.520852  2.613440 285.040700 288.594831 292.066024
     4               r_850  76.537737 13.373600  58.051147  77.906555  93.686188
     4               t_500 266.269547  1.839280 263.966923 266.348576 268.555786
     4               r_500  27.751056 27.516650   3.257363  15.133248  75.970839
     4               v_500   1.040318  4.890230  -5.170008   1.084411   7.206143
     4       wind_speed_10   2.721241  1.195985   1.242463   2.630192   4.259328
     4     delta_t_500_850 -22.251305  2.294873 -25.216369 -22.411324 -19.120275
     4 delta_t_850_surface  -8.365961  1.984759 -10.882308  -8.396588  -5.719171
     4     delta_r_500_850 -48.786681 28.037580 -80.252973 -54.851448  -5.177142
     5                tcwv  30.454728  7.786643  20.736567  29.723222  41.371028
     5               t_850 286.868834  2.752541 283.343005 286.658212 290.665916
     5               r_850  74.253966 15.496147  53.322450  76.091572  93.732350
     5               t_500 264.670804  2.311102 261.747462 264.753405 267.602572
     5               r_500  23.971487 24.758017   3.557143  13.013002  65.449173
     5               v_500   0.224748  6.051311  -7.321966   0.106526   8.009214
     5       wind_speed_10   2.735384  1.167368   1.338130   2.634742   4.257399
     5     delta_t_500_850 -22.198030  2.566539 -25.319777 -22.241790 -18.970867
     5 delta_t_850_surface  -8.055691  2.256561 -10.850502  -8.274264  -4.954566
     5     delta_r_500_850 -50.282479 25.818137 -80.210752 -54.456902 -12.691478
     6                tcwv  28.902510  8.158702  18.776913  27.650333  40.780287
     6               t_850 286.644334  2.970814 282.856186 286.755646 290.687843
     6               r_850  72.543658 18.466992  47.572498  74.565201  95.649485
     6               t_500 264.090512  2.016662 261.644243 263.975947 266.692287
     6               r_500  22.694546 24.871973   3.026121  10.751907  66.109267
     6               v_500  -0.202204  5.739264  -7.512122  -0.274731   7.221847
     6       wind_speed_10   2.802344  1.134150   1.368938   2.723017   4.268183
     6     delta_t_500_850 -22.553822  2.842953 -26.045179 -22.758012 -18.587673
     6 delta_t_850_surface  -7.482281  2.486454 -10.509078  -7.802213  -4.056488
     6     delta_r_500_850 -49.849112 29.619303 -84.174208 -55.231774  -7.573727
     7                tcwv  25.054804  7.045731  16.284757  24.310583  35.605711
     7               t_850 285.815929  3.434260 281.288503 286.033040 290.050104
     7               r_850  67.950509 20.391992  41.483700  68.407878  94.928343
     7               t_500 263.480791  2.070722 260.814013 263.362877 266.281554
     7               r_500  18.133592 21.670639   2.714096   8.647275  52.198724
     7               v_500   0.772674  7.060190  -8.375746   0.936869   9.491374
     7       wind_speed_10   3.051507  1.292271   1.384822   3.017497   4.638016
     7     delta_t_500_850 -22.335139  3.321621 -26.542527 -22.493687 -17.851818
     7 delta_t_850_surface  -7.538200  2.723468 -10.973252  -7.799398  -3.827710
     7     delta_r_500_850 -49.816917 28.005340 -84.174099 -52.292586 -12.454703
     8                tcwv  26.214604  8.063284  16.608792  24.890791  37.674042
     8               t_850 286.158657  3.575504 281.422257 285.979305 291.183648
     8               r_850  68.981557 21.738931  40.103785  70.528227  96.278106
     8               t_500 263.356328  1.995337 260.911361 263.387213 265.901724
     8               r_500  21.479739 24.852870   3.009609  10.442844  64.918681
     8               v_500   0.486615  6.948818  -8.061328   0.614578   9.176999
     8       wind_speed_10   3.404405  1.365461   1.635815   3.366626   5.120082
     8     delta_t_500_850 -22.802329  3.349867 -27.216612 -22.802419 -18.535165
     8 delta_t_850_surface  -7.341786  2.863918 -10.705887  -7.837372  -3.234489
     8     delta_r_500_850 -47.501818 28.037822 -83.113039 -48.845682  -9.600088
     9                tcwv  30.901285  9.621527  17.957332  30.198167  44.227663
     9               t_850 288.394881  4.264387 282.449899 288.776750 293.805535
     9               r_850  67.070883 21.753483  35.820210  68.774101  94.987160
     9               t_500 264.497334  1.822293 262.322288 264.416005 266.813813
     9               r_500  28.422011 28.856385   3.593400  14.395037  79.271921
     9               v_500   1.133542  6.478642  -7.137381   1.144641   9.381309
     9       wind_speed_10   3.445550  1.345819   1.672288   3.445750   5.181420
     9     delta_t_500_850 -23.897546  3.862074 -28.431340 -24.374592 -18.382928
     9 delta_t_850_surface  -6.382778  3.221014 -10.399444  -6.615366  -2.021472
     9     delta_r_500_850 -38.648872 32.177774 -81.486114 -37.815472   5.423740
    10                tcwv  37.541401  9.677871  24.025073  38.492275  49.724961
    10               t_850 289.045102  3.786167 284.158893 288.985391 293.930086
    10               r_850  75.356462 17.876216  50.037113  78.609259  96.482925
    10               t_500 265.365681  1.780525 263.050750 265.558340 267.449910
    10               r_500  37.257409 30.540065   4.968764  27.129538  86.190921
    10               v_500   1.576556  5.762010  -5.298018   1.524604   8.784810
    10       wind_speed_10   3.342019  1.311229   1.633991   3.283577   5.123864
    10     delta_t_500_850 -23.679421  3.431505 -27.924559 -23.833181 -19.247356
    10 delta_t_850_surface  -6.909024  2.688891 -10.128259  -7.162203  -3.259620
    10     delta_r_500_850 -38.099053 32.443382 -79.704863 -41.172175   6.920465
    11                tcwv  39.272542 10.454060  23.433451  40.720060  52.177167
    11               t_850 288.522557  3.144393 284.218653 288.795796 292.292986
    11               r_850  79.097028 15.250924  57.192304  81.859443  96.468401
    11               t_500 265.663001  1.858785 263.315160 265.854388 267.856596
    11               r_500  40.571783 32.930398   4.288680  31.057184  91.856913
    11               v_500   0.246633  5.412738  -6.498027   0.174516   7.188963
    11       wind_speed_10   3.123964  1.317063   1.372011   3.090508   4.849892
    11     delta_t_500_850 -22.859556  2.689826 -26.081611 -23.045913 -19.200032
    11 delta_t_850_surface  -7.587301  2.076792 -10.283387  -7.566999  -4.991220
    11     delta_r_500_850 -38.525245 32.861236 -78.961545 -43.884443   8.922128
    12                tcwv  43.374154  9.099249  31.139051  44.301192  54.723232
    12               t_850 290.544583  2.585460 286.952538 290.840761 293.653570
    12               r_850  76.300812 14.180746  57.896044  77.469000  94.057910
    12               t_500 266.535754  1.522010 264.662093 266.629587 268.360466
    12               r_500  46.999195 32.304376   5.457411  45.205771  91.133383
    12               v_500  -0.785109  4.817583  -6.778577  -0.935485   5.387447
    12       wind_speed_10   2.779531  1.208582   1.278274   2.687547   4.450606
    12     delta_t_500_850 -24.008829  2.437781 -27.061569 -24.087806 -20.864674
    12 delta_t_850_surface  -7.331268  1.899768  -9.769689  -7.305036  -4.826364
    12     delta_r_500_850 -29.301617 32.310244 -73.719704 -27.853140  12.797663

AVISOS / NOTAS
----------------------------------------------------------------------------------------
- WARNING: At least one year-month has <25% temporal coverage; inspect year_month_coverage.parquet before interpreting anomalies.
- NOTE: Event frequencies are conditioned on available radar timestamps; raw monthly event counts should not be used as climatological frequencies.
- NOTE: Pixel event rates remain diagnostics of the stored overlapping patch distribution, not de-duplicated full-field climatology.
- NOTE: Timestamp_any_event_rate is the preferred temporal occurrence metric when the question is whether an event was present at an available timestamp.
- NOTE: Predictor statistics are computed from one spatial mean per available timestamp, preventing months with more patches from receiving extra temporal weight.

========================================================================================
FIM DA FASE 5
========================================================================================