============================================================================================================
CORRDIFF - FASE 7 - DEPENDÊNCIA TEMPORAL E ANÁLISE DE LAGS
============================================================================================================
Versão: phase7-temporal-lags-v1.1-phase6-compatible
Unidade radar: dBZ
Lags: [0, 1, 2, 3, 6, 12, 24]
Ajuste climatológico: demeaning within month_local x hour_local
Regra de pareamento: only exact UTC timestamp pairs t and t-lag are retained; missing timestamps are never treated as contiguous

COBERTURA DOS PARES TEMPORAIS
------------------------------------------------------------------------------------------------------------
 lag_hours  available_timestamp_pairs  expected_possible_pairs  pair_availability_ratio  pair_retention_vs_available_timestamps
         0                      84684                   122736                 0.689969                                1.000000
         1                      73977                   122735                 0.602738                                0.873565
         2                      73083                   122734                 0.595458                                0.863008
         3                      72417                   122733                 0.590037                                0.855144
         6                      70686                   122730                 0.575947                                0.834703
        12                      68358                   122724                 0.557006                                0.807213
        24                      70459                   122712                 0.574182                                0.832023

AUTOCORRELAÇÃO DAS MÉTRICAS DO RADAR
------------------------------------------------------------------------------------------------------------
 lag_hours                     metric  n_pairs_raw  pearson_r_raw  spearman_rho_raw  pearson_r_month_hour_adjusted  spearman_rho_month_hour_adjusted
         1    positive_pixel_fraction        73977       0.929585          0.849055                       0.927877                          0.876552
         1                    max_dbz        73977       0.775988          0.787840                       0.742834                          0.742157
         1 event_pixel_fraction_ge_30        73977       0.936398          0.803075                       0.935427                          0.805098
         1 event_pixel_fraction_ge_40        73977       0.940994          0.712339                       0.940072                          0.737142
         1 event_pixel_fraction_ge_45        73977       0.943498          0.629906                       0.942541                          0.701018
         2    positive_pixel_fraction        73083       0.843026          0.777025                       0.841093                          0.776995
         2                    max_dbz        73083       0.696992          0.705761                       0.661824                          0.659215
         2 event_pixel_fraction_ge_30        73083       0.885052          0.706181                       0.884238                          0.699251
         2 event_pixel_fraction_ge_40        73083       0.898903          0.594987                       0.898045                          0.642500
         2 event_pixel_fraction_ge_45        73083       0.904900          0.474452                       0.903835                          0.615395
         3    positive_pixel_fraction        72417       0.744832          0.709137                       0.742885                          0.675568
         3                    max_dbz        72417       0.624724          0.630251                       0.593112                          0.589426
         3 event_pixel_fraction_ge_30        72417       0.820252          0.615107                       0.819557                          0.578511
         3 event_pixel_fraction_ge_40        72417       0.843016          0.485872                       0.842118                          0.521074
         3 event_pixel_fraction_ge_45        72417       0.852377          0.345176                       0.851087                          0.510336
         6    positive_pixel_fraction        70686       0.513301          0.543716                       0.516237                          0.456199
         6                    max_dbz        70686       0.453905          0.450115                       0.448993                          0.441524
         6 event_pixel_fraction_ge_30        70686       0.653823          0.404525                       0.654896                          0.337894
         6 event_pixel_fraction_ge_40        70686       0.695524          0.252984                       0.695268                          0.316910
         6 event_pixel_fraction_ge_45        70686       0.706091          0.118116                       0.704758                          0.357997
        12    positive_pixel_fraction        68358       0.273094          0.357189                       0.279340                          0.290717
        12                    max_dbz        68358       0.274898          0.261944                       0.307823                          0.298073
        12 event_pixel_fraction_ge_30        68358       0.392466          0.196077                       0.393742                          0.161213
        12 event_pixel_fraction_ge_40        68358       0.429611          0.080424                       0.428909                          0.166853
        12 event_pixel_fraction_ge_45        68358       0.435955          0.015536                       0.434344                          0.212557
        24    positive_pixel_fraction        70459       0.240155          0.415698                       0.217491                          0.456151
        24                    max_dbz        70459       0.378412          0.381180                       0.275189                          0.281870
        24 event_pixel_fraction_ge_30        70459       0.306820          0.327961                       0.301097                          0.574097
        24 event_pixel_fraction_ge_40        70459       0.326786          0.293080                       0.323136                          0.700212
        24 event_pixel_fraction_ge_45        70459       0.326037          0.272931                       0.323174                          0.831557

DEPENDÊNCIA TEMPORAL DOS EVENTOS
------------------------------------------------------------------------------------------------------------
 lag_hours event_id  threshold_dbz  n_pairs  event_rate_t  p_event_t_given_event_t_minus_lag  p_event_t_given_no_event_t_minus_lag  persistence_excess_probability  relative_risk  phi_coefficient  event_anomaly_autocorrelation
         1     gt_0            0.0    73977      0.577896                           0.849901                              0.199793                        0.650108       4.253904         0.649320                       0.621971
         1    ge_20           20.0    73977      0.575882                           0.849784                              0.198509                        0.651276       4.280843         0.650539                       0.623266
         1    ge_30           30.0    73977      0.325872                           0.800893                              0.091883                        0.709010       8.716437         0.711311                       0.670766
         1    ge_40           40.0    73977      0.183314                           0.720510                              0.060944                        0.659566      11.822486         0.662641                       0.608453
         1    ge_45           45.0    73977      0.078998                           0.638050                              0.030287                        0.607763      21.066494         0.611785                       0.551924
         2     gt_0            0.0    73083      0.578466                           0.824440                              0.234367                        0.590073       3.517728         0.589157                       0.561208
         2    ge_20           20.0    73083      0.576331                           0.824140                              0.232734                        0.591407       3.541132         0.590520                       0.562670
         2    ge_30           30.0    73083      0.326109                           0.739388                              0.120675                        0.618713       6.127097         0.621558                       0.577928
         2    ge_40           40.0    73083      0.182888                           0.627609                              0.079836                        0.547773       7.861214         0.553781                       0.497221
         2    ge_45           45.0    73083      0.078842                           0.498304                              0.042032                        0.456272      11.855363         0.461087                       0.397403
         3     gt_0            0.0    72417      0.577061                           0.802059                              0.260128                        0.541931       3.083328         0.540535                       0.514368
         3    ge_20           20.0    72417      0.574865                           0.801536                              0.258412                        0.543123       3.101769         0.541758                       0.515709
         3    ge_30           30.0    72417      0.325241                           0.684063                              0.145351                        0.538712       4.706284         0.542333                       0.501588
         3    ge_40           40.0    72417      0.182388                           0.545249                              0.097625                        0.447624       5.585116         0.454151                       0.404018
         3    ge_45           45.0    72417      0.077813                           0.380341                              0.050875                        0.329466       7.475958         0.336999                       0.283074
         6     gt_0            0.0    70686      0.577102                           0.757633                              0.319922                        0.437711       2.368181         0.436164                       0.422131
         6    ge_20           20.0    70686      0.575079                           0.757085                              0.317951                        0.439135       2.381141         0.437623                       0.423825
         6    ge_30           30.0    70686      0.326967                           0.568812                              0.202924                        0.365888       2.803081         0.369220                       0.355078
         6    ge_40           40.0    70686      0.182469                           0.376242                              0.136360                        0.239882       2.759189         0.244734                       0.235586
         6    ge_45           45.0    70686      0.076974                           0.179600                              0.067625                        0.111975       2.655835         0.116210                       0.115848
        12     gt_0            0.0    68358      0.583019                           0.713928                              0.395220                        0.318707       1.806403         0.318003                       0.323496
        12    ge_20           20.0    68358      0.580898                           0.712648                              0.393653                        0.318995       1.810346         0.318325                       0.323963
        12    ge_30           30.0    68358      0.337078                           0.460657                              0.272133                        0.188524       1.692763         0.189517                       0.209480
        12    ge_40           40.0    68358      0.189970                           0.254429                              0.174370                        0.080059       1.459132         0.080837                       0.119159
        12    ge_45           45.0    68358      0.082185                           0.094730                              0.081021                        0.013709       1.169204         0.013916                       0.051952
        24     gt_0            0.0    70459      0.571950                           0.717458                              0.370156                        0.347302       1.938259         0.346315                       0.290586
        24    ge_20           20.0    70459      0.569679                           0.716082                              0.368398                        0.347684       1.943774         0.346709                       0.291035
        24    ge_30           30.0    70459      0.323110                           0.519809                              0.224838                        0.294971       2.311930         0.297291                       0.188943
        24    ge_40           40.0    70459      0.182063                           0.402574                              0.130816                        0.271758       3.077411         0.275474                       0.147256
        24    ge_45           45.0    70459      0.077804                           0.317383                              0.056527                        0.260856       5.614677         0.266541                       0.134500

DEPENDÊNCIA DOS EVENTOS POR ESTAÇÃO - >=30/40/45 dBZ
------------------------------------------------------------------------------------------------------------
season_code  lag_hours event_id  n_pairs  p_event_t_given_event_t_minus_lag  p_event_t_given_no_event_t_minus_lag  persistence_excess_probability  relative_risk  event_anomaly_autocorrelation
        DJF          1    ge_30    19271                           0.846454                              0.122003                        0.724451       6.937960                       0.681685
        DJF          1    ge_40    19271                           0.770929                              0.089353                        0.681576       8.627938                       0.620676
        DJF          1    ge_45    19271                           0.684555                              0.052127                        0.632428      13.132533                       0.569072
        MAM          1    ge_30    19786                           0.795291                              0.095975                        0.699316       8.286439                       0.672640
        MAM          1    ge_40    19786                           0.707025                              0.065136                        0.641889      10.854595                       0.603817
        MAM          1    ge_45    19786                           0.608282                              0.030361                        0.577921      20.035029                       0.534015
        JJA          1    ge_30    15231                           0.702332                              0.061612                        0.640720      11.399256                       0.642058
        JJA          1    ge_40    15231                           0.592437                              0.032904                        0.559533      18.005211                       0.563414
        JJA          1    ge_45    15231                           0.539359                              0.010680                        0.528679      50.502961                       0.526065
        SON          1    ge_30    19689                           0.783610                              0.093006                        0.690604       8.425359                       0.673737
        SON          1    ge_40    19689                           0.694061                              0.057319                        0.636742      12.108807                       0.617276
        SON          1    ge_45    19689                           0.590381                              0.026673                        0.563708      22.133915                       0.548151
        DJF          2    ge_30    19044                           0.784226                              0.171081                        0.613145       4.583938                       0.573785
        DJF          2    ge_40    19044                           0.680063                              0.121382                        0.558681       5.602667                       0.503350
        DJF          2    ge_45    19044                           0.545204                              0.074879                        0.470324       7.281106                       0.408504
        MAM          2    ge_30    19543                           0.736509                              0.123945                        0.612564       5.942246                       0.585681
        MAM          2    ge_40    19543                           0.613117                              0.085377                        0.527740       7.181257                       0.492538
        MAM          2    ge_45    19543                           0.459107                              0.042293                        0.416813      10.855319                       0.370837
        JJA          2    ge_30    14975                           0.638681                              0.074104                        0.564576       8.618687                       0.567973
        JJA          2    ge_40    14975                           0.505932                              0.040449                        0.465483      12.507768                       0.469563
        JJA          2    ge_45    14975                           0.423077                              0.013322                        0.409755      31.756805                       0.408233
        SON          2    ge_30    19521                           0.720768                              0.122228                        0.598540       5.896918                       0.579893
        SON          2    ge_40    19521                           0.595847                              0.073760                        0.522087       8.078182                       0.506342
        SON          2    ge_45    19521                           0.453942                              0.035761                        0.418181      12.693740                       0.402902
        DJF          3    ge_30    18826                           0.723106                              0.216118                        0.506988       3.345887                       0.480576
        DJF          3    ge_40    18826                           0.590308                              0.156186                        0.434123       3.779525                       0.396263
        DJF          3    ge_45    18826                           0.420290                              0.093169                        0.327121       4.511036                       0.286924
        MAM          3    ge_30    19385                           0.685441                              0.150336                        0.535105       4.559394                       0.513329
        MAM          3    ge_40    19385                           0.538523                              0.101617                        0.436906       5.299543                       0.411642
        MAM          3    ge_45    19385                           0.347619                              0.049958                        0.297661       6.958207                       0.266012
        JJA          3    ge_30    14803                           0.582704                              0.086220                        0.496484       6.758365                       0.499877
        JJA          3    ge_40    14803                           0.438941                              0.044821                        0.394120       9.793199                       0.401738
        JJA          3    ge_45    14803                           0.301205                              0.016378                        0.284827      18.391287                       0.282138
        SON          3    ge_30    19403                           0.669268                              0.141928                        0.527340       4.715536                       0.512169
        SON          3    ge_40    19403                           0.511345                              0.090697                        0.420649       5.637965                       0.406844
        SON          3    ge_45    19403                           0.346437                              0.042185                        0.304253       8.212417                       0.295074
        DJF          6    ge_30    18266                           0.596663                              0.331395                        0.265268       1.800459                       0.316618
        DJF          6    ge_40    18266                           0.395361                              0.236000                        0.159361       1.675257                       0.214297
        DJF          6    ge_45    18266                           0.185844                              0.132290                        0.053554       1.404822                       0.099859
        MAM          6    ge_30    18755                           0.578996                              0.204769                        0.374227       2.827556                       0.378914
        MAM          6    ge_40    18755                           0.388770                              0.139660                        0.249110       2.783683                       0.252766
        MAM          6    ge_45    18755                           0.166890                              0.065226                        0.101664       2.558635                       0.109326
        JJA          6    ge_30    14582                           0.482653                              0.107032                        0.375621       4.509416                       0.380473
        JJA          6    ge_40    14582                           0.320175                              0.055721                        0.264455       5.746059                       0.268483
        JJA          6    ge_45    14582                           0.178683                              0.017808                        0.160875      10.033705                       0.163772
        SON          6    ge_30    19083                           0.554422                              0.196001                        0.358422       2.828677                       0.356150
        SON          6    ge_40    19083                           0.347195                              0.122145                        0.225050       2.842484                       0.230405
        SON          6    ge_45    19083                           0.180703                              0.053975                        0.126728       3.347883                       0.137566
        DJF         12    ge_30    17739                           0.487102                              0.467426                        0.019676       1.042095                       0.176904
        DJF         12    ge_40    17739                           0.249265                              0.321919                       -0.072654       0.774309                       0.087827
        DJF         12    ge_45    17739                           0.087713                              0.164779                       -0.077066       0.532307                       0.040252
        MAM         12    ge_30    17965                           0.471324                              0.279267                        0.192057       1.687718                       0.222584
        MAM         12    ge_40    17965                           0.293366                              0.175194                        0.118172       1.674518                       0.155355
        MAM         12    ge_45    17965                           0.106153                              0.076732                        0.029421       1.383427                       0.060751
        JJA         12    ge_30    14104                           0.378007                              0.135481                        0.242526       2.790109                       0.246590
        JJA         12    ge_40    14104                           0.213463                              0.066204                        0.147259       3.224314                       0.152023
        JJA         12    ge_45    14104                           0.072555                              0.021107                        0.051448       3.437521                       0.055361
        SON         12    ge_30    18550                           0.447257                              0.248634                        0.198624       1.798861                       0.208121
        SON         12    ge_40    18550                           0.231997                              0.147084                        0.084914       1.577317                       0.106022
        SON         12    ge_45    18550                           0.103015                              0.060671                        0.042344       1.697939                       0.062213
        DJF         24    ge_30    18465                           0.646442                              0.289532                        0.356910       2.232712                       0.236751
        DJF         24    ge_40    18465                           0.528903                              0.186757                        0.342146       2.832042                       0.192446
        DJF         24    ge_45    18465                           0.434673                              0.094075                        0.340598       4.620504                       0.193271
        MAM         24    ge_30    18776                           0.507524                              0.236528                        0.270996       2.145724                       0.191222
        MAM         24    ge_40    18776                           0.382063                              0.137475                        0.244587       2.779138                       0.148867
        MAM         24    ge_45    18776                           0.267596                              0.055475                        0.212120       4.823679                       0.110282
        JJA         24    ge_30    14328                           0.295107                              0.145150                        0.149957       2.033114                       0.147931
        JJA         24    ge_40    14328                           0.184991                              0.066909                        0.118082       2.764802                       0.115142
        JJA         24    ge_45    14328                           0.089552                              0.020296                        0.069256       4.412340                       0.065833
        SON         24    ge_30    18890                           0.448311                              0.236326                        0.211985       1.897003                       0.160243
        SON         24    ge_40    18890                           0.284362                              0.131611                        0.152751       2.160630                       0.100629
        SON         24    ge_45    18890                           0.167086                              0.052941                        0.114146       3.156098                       0.074886

TOP PREDITORES LAGADOS PARA EVENTOS - AJUSTADO MÊS x HORA
------------------------------------------------------------------------------------------------------------
[ge_30]
 lag_hours       predictor  source  point_biserial_r_raw  corr_month_hour_adjusted  n_pairs_adjusted
         0            tcwv     raw              0.437212                  0.383791             84684
         0           r_500     raw              0.366296                  0.330877             84684
         0           r_850     raw              0.238281                  0.221768             84684
         0             u10     raw              0.142365                  0.203946             84684
         0 delta_r_500_850 derived              0.231865                  0.198282             84684
         0           u_500     raw              0.059297                  0.186008             84684
         0             v10     raw              0.230895                  0.182611             84684
         0           v_500     raw             -0.167259                 -0.139709             84684

 lag_hours       predictor  source  point_biserial_r_raw  corr_month_hour_adjusted  n_pairs_adjusted
         1            tcwv     raw              0.427188                  0.376266             73977
         1           r_500     raw              0.356649                  0.322500             73977
         1           r_850     raw              0.219721                  0.207500             73977
         1 delta_r_500_850 derived              0.233612                  0.199419             73977
         1             u10     raw              0.149193                  0.198964             73977
         1           u_500     raw              0.059347                  0.184965             73977
         1             v10     raw              0.205178                  0.169127             73977
         1           v_500     raw             -0.168756                 -0.142355             73977

 lag_hours       predictor  source  point_biserial_r_raw  corr_month_hour_adjusted  n_pairs_adjusted
         2            tcwv     raw              0.417220                  0.366042             73083
         2           r_500     raw              0.348510                  0.312996             73083
         2 delta_r_500_850 derived              0.234928                  0.199103             73083
         2             u10     raw              0.154858                  0.193066             73083
         2           r_850     raw              0.202488                  0.191391             73083
         2           u_500     raw              0.059790                  0.183922             73083
         2             v10     raw              0.175259                  0.153366             73083
         2           v_500     raw             -0.167928                 -0.142974             73083

 lag_hours       predictor  source  point_biserial_r_raw  corr_month_hour_adjusted  n_pairs_adjusted
         3            tcwv     raw              0.406773                  0.356276             72417
         3           r_500     raw              0.340893                  0.303986             72417
         3 delta_r_500_850 derived              0.235961                  0.198618             72417
         3             u10     raw              0.161192                  0.187910             72417
         3           u_500     raw              0.059835                  0.181161             72417
         3           r_850     raw              0.186829                  0.176404             72417
         3           v_500     raw             -0.166362                 -0.142647             72417
         3  wind_speed_850 derived              0.115876                  0.139137             72417

 lag_hours       predictor  source  point_biserial_r_raw  corr_month_hour_adjusted  n_pairs_adjusted
         6            tcwv     raw              0.384543                  0.330197             70686
         6           r_500     raw              0.322594                  0.278551             70686
         6 delta_r_500_850 derived              0.236623                  0.194791             70686
         6           u_500     raw              0.055633                  0.171843             70686
         6             u10     raw              0.167302                  0.170044             70686
         6  wind_speed_850 derived              0.136645                  0.148092             70686
         6           v_500     raw             -0.159698                 -0.138213             70686
         6           r_850     raw              0.151455                  0.137639             70686

 lag_hours       predictor  source  point_biserial_r_raw  corr_month_hour_adjusted  n_pairs_adjusted
        12            tcwv     raw              0.360631                  0.286606             68358
        12           r_500     raw              0.296321                  0.239805             68358
        12 delta_r_500_850 derived              0.232615                  0.186772             68358
        12           u_500     raw              0.021598                  0.144985             68358
        12             u10     raw              0.134665                  0.139376             68358
        12           v_500     raw             -0.164867                 -0.136896             68358
        12           u_850     raw              0.058292                  0.136771             68358
        12  wind_speed_850 derived              0.098182                  0.127720             68358

 lag_hours             predictor  source  point_biserial_r_raw  corr_month_hour_adjusted  n_pairs_adjusted
        24                  tcwv     raw              0.318814                  0.224349             70459
        24                 r_500     raw              0.239268                  0.184603             70459
        24       delta_r_500_850 derived              0.193992                  0.153438             70459
        24                 v_500     raw             -0.149842                 -0.122075             70459
        24                 u_850     raw              0.095054                  0.109365             70459
        24                 u_500     raw             -0.006298                  0.107586             70459
        24 bulk_wind_diff_10_850 derived              0.088922                  0.103770             70459
        24                 t_850     raw              0.209030                  0.102405             70459

[ge_40]
 lag_hours       predictor  source  point_biserial_r_raw  corr_month_hour_adjusted  n_pairs_adjusted
         0            tcwv     raw              0.350469                  0.288615             84684
         0           r_500     raw              0.253278                  0.213384             84684
         0             u10     raw              0.098273                  0.153826             84684
         0 delta_r_500_850 derived              0.175047                  0.140546             84684
         0           r_850     raw              0.137446                  0.119876             84684
         0             v10     raw              0.176948                  0.110249             84684
         0           u_500     raw             -0.000672                  0.108718             84684
         0   wind_speed_10 derived             -0.053859                 -0.097568             84684

 lag_hours       predictor  source  point_biserial_r_raw  corr_month_hour_adjusted  n_pairs_adjusted
         1            tcwv     raw              0.335979                  0.275149             73977
         1           r_500     raw              0.240356                  0.200885             73977
         1             u10     raw              0.102521                  0.143420             73977
         1 delta_r_500_850 derived              0.175046                  0.139282             73977
         1           u_500     raw             -0.001162                  0.106904             73977
         1           u_850     raw              0.105010                  0.102584             73977
         1   wind_speed_10 derived             -0.071046                 -0.101600             73977
         1           r_850     raw              0.114810                  0.101357             73977

 lag_hours       predictor  source  point_biserial_r_raw  corr_month_hour_adjusted  n_pairs_adjusted
         2            tcwv     raw              0.324209                  0.264181             73083
         2           r_500     raw              0.231544                  0.191178             73083
         2 delta_r_500_850 derived              0.175276                  0.137855             73083
         2             u10     raw              0.109102                  0.135898             73083
         2           u_850     raw              0.114463                  0.109712             73083
         2 delta_t_500_850 derived             -0.154172                 -0.109207             73083
         2             t2m     raw              0.301747                  0.108602             73083
         2           u_500     raw              0.001300                  0.107635             73083

 lag_hours       predictor  source  point_biserial_r_raw  corr_month_hour_adjusted  n_pairs_adjusted
         3            tcwv     raw              0.315089                  0.255100             72417
         3           r_500     raw              0.228570                  0.186452             72417
         3 delta_r_500_850 derived              0.179360                  0.139985             72417
         3             u10     raw              0.114632                  0.129290             72417
         3           u_850     raw              0.121554                  0.117224             72417
         3 delta_t_500_850 derived             -0.157943                 -0.116906             72417
         3             t2m     raw              0.289228                  0.113899             72417
         3           u_500     raw              0.002001                  0.106105             72417

 lag_hours       predictor  source  point_biserial_r_raw  corr_month_hour_adjusted  n_pairs_adjusted
         6            tcwv     raw              0.293463                  0.233365             70686
         6           r_500     raw              0.215508                  0.167799             70686
         6 delta_r_500_850 derived              0.179459                  0.135903             70686
         6 delta_t_500_850 derived             -0.157024                 -0.129629             70686
         6           u_850     raw              0.112209                  0.124848             70686
         6           t_850     raw              0.195685                  0.121843             70686
         6             t2m     raw              0.212524                  0.118415             70686
         6             u10     raw              0.120300                  0.110438             70686

 lag_hours           predictor  source  point_biserial_r_raw  corr_month_hour_adjusted  n_pairs_adjusted
        12                tcwv     raw              0.279099                  0.199601             68358
        12     delta_t_500_850 derived             -0.158749                 -0.144703             68358
        12               r_500     raw              0.201418                  0.141985             68358
        12               t_850     raw              0.211027                  0.139918             68358
        12     delta_r_500_850 derived              0.176162                  0.129182             68358
        12                 t2m     raw              0.109661                  0.116470             68358
        12               u_850     raw              0.033714                  0.113102             68358
        12 delta_t_850_surface derived              0.173121                  0.110848             68358

 lag_hours       predictor  source  point_biserial_r_raw  corr_month_hour_adjusted  n_pairs_adjusted
        24            tcwv     raw              0.245649                  0.146327             70459
        24             t2m     raw              0.318935                  0.134979             70459
        24           t_850     raw              0.221772                  0.128410             70459
        24 delta_t_500_850 derived             -0.166583                 -0.120768             70459
        24 delta_r_500_850 derived              0.143009                  0.101605             70459
        24           r_500     raw              0.156365                  0.100262             70459
        24           u_850     raw              0.081603                  0.084645             70459
        24   wind_speed_10 derived             -0.042210                 -0.080912             70459

[ge_45]
 lag_hours       predictor  source  point_biserial_r_raw  corr_month_hour_adjusted  n_pairs_adjusted
         0            tcwv     raw              0.241103                  0.173878             84684
         0             t2m     raw              0.307310                  0.141772             84684
         0 delta_t_500_850 derived             -0.171875                 -0.130124             84684
         0           t_850     raw              0.202029                  0.124168             84684
         0           r_500     raw              0.145519                  0.103110             84684
         0   wind_speed_10 derived             -0.047536                 -0.092390             84684
         0 delta_r_500_850 derived              0.120543                  0.086965             84684
         0             u10     raw              0.048440                  0.086898             84684

 lag_hours       predictor  source  point_biserial_r_raw  corr_month_hour_adjusted  n_pairs_adjusted
         1            tcwv     raw              0.228440                  0.162559             73977
         1             t2m     raw              0.312146                  0.155855             73977
         1 delta_t_500_850 derived             -0.177404                 -0.138021             73977
         1           t_850     raw              0.204636                  0.132583             73977
         1   wind_speed_10 derived             -0.068825                 -0.097558             73977
         1           r_500     raw              0.135777                  0.093403             73977
         1           u_850     raw              0.104448                  0.090771             73977
         1 delta_r_500_850 derived              0.120875                  0.085333             73977

 lag_hours       predictor  source  point_biserial_r_raw  corr_month_hour_adjusted  n_pairs_adjusted
         2             t2m     raw              0.304807                  0.161492             73083
         2            tcwv     raw              0.219171                  0.154906             73083
         2 delta_t_500_850 derived             -0.178398                 -0.142396             73083
         2           t_850     raw              0.203848                  0.137357             73083
         2           u_850     raw              0.112027                  0.097342             73083
         2   wind_speed_10 derived             -0.085519                 -0.095810             73083
         2           r_500     raw              0.132001                  0.089272             73083
         2 delta_r_500_850 derived              0.123949                  0.086914             73083

 lag_hours       predictor  source  point_biserial_r_raw  corr_month_hour_adjusted  n_pairs_adjusted
         3             t2m     raw              0.286125                  0.163178             72417
         3 delta_t_500_850 derived             -0.177687                 -0.145961             72417
         3            tcwv     raw              0.208265                  0.145448             72417
         3           t_850     raw              0.200836                  0.140134             72417
         3           u_850     raw              0.115299                  0.102098             72417
         3   wind_speed_10 derived             -0.101172                 -0.093275             72417
         3 delta_r_500_850 derived              0.123984                  0.085322             72417
         3           r_500     raw              0.126331                  0.082609             72417

 lag_hours             predictor  source  point_biserial_r_raw  corr_month_hour_adjusted  n_pairs_adjusted
         6                   t2m     raw              0.188632                  0.149334             70686
         6       delta_t_500_850 derived             -0.168359                 -0.148666             70686
         6                 t_850     raw              0.194763                  0.145151             70686
         6                  tcwv     raw              0.194268                  0.133230             70686
         6                 u_850     raw              0.098093                  0.106120             70686
         6   delta_t_850_surface derived              0.046442                  0.085902             70686
         6 bulk_wind_diff_10_850 derived              0.063085                  0.083599             70686
         6       delta_r_500_850 derived              0.125626                  0.083200             70686

 lag_hours           predictor  source  point_biserial_r_raw  corr_month_hour_adjusted  n_pairs_adjusted
        12     delta_t_500_850 derived             -0.158821                 -0.148298             68358
        12               t_850     raw              0.198681                  0.146204             68358
        12                 t2m     raw              0.089432                  0.127380             68358
        12                tcwv     raw              0.194700                  0.117787             68358
        12 delta_t_850_surface derived              0.180888                  0.110027             68358
        12               v_850     raw             -0.105767                 -0.089318             68358
        12               u_850     raw              0.010921                  0.081485             68358
        12     delta_r_500_850 derived              0.122329                  0.077604             68358

 lag_hours             predictor  source  point_biserial_r_raw  corr_month_hour_adjusted  n_pairs_adjusted
        24                   t2m     raw              0.309717                  0.152025             70459
        24                 t_850     raw              0.203608                  0.128101             70459
        24       delta_t_500_850 derived             -0.164488                 -0.122457             70459
        24                  tcwv     raw              0.170354                  0.077405             70459
        24                 v_850     raw             -0.070130                 -0.069758             70459
        24         wind_speed_10 derived             -0.029241                 -0.069124             70459
        24 bulk_wind_diff_10_850 derived              0.069318                  0.065779             70459
        24                 u_850     raw              0.076134                  0.064262             70459

TOP PREDITORES LAGADOS PARA MAX_DBZ - AJUSTADO MÊS x HORA
------------------------------------------------------------------------------------------------------------
 lag_hours       predictor  source  spearman_rho_raw  spearman_rho_month_hour_adjusted  n_pairs_adjusted
         0            tcwv     raw          0.467952                          0.403137             84684
         0           r_500     raw          0.368770                          0.338568             84684
         0           r_850     raw          0.255820                          0.248744             84684
         0           u_500     raw          0.092921                          0.239777             84684
         0             u10     raw          0.162572                          0.233844             84684
         0             v10     raw          0.272610                          0.208279             84684
         0 delta_r_500_850 derived          0.225641                          0.191403             84684
         0  wind_speed_500 derived          0.038289                          0.171913             84684

 lag_hours       predictor  source  spearman_rho_raw  spearman_rho_month_hour_adjusted  n_pairs_adjusted
         1            tcwv     raw          0.459731                          0.396712             73977
         1           r_500     raw          0.362171                          0.331953             73977
         1           u_500     raw          0.092108                          0.238048             73977
         1           r_850     raw          0.233249                          0.232475             73977
         1             u10     raw          0.171289                          0.229263             73977
         1             v10     raw          0.242907                          0.195691             73977
         1 delta_r_500_850 derived          0.229459                          0.193158             73977
         1  wind_speed_500 derived          0.036624                          0.169323             73977

 lag_hours       predictor  source  spearman_rho_raw  spearman_rho_month_hour_adjusted  n_pairs_adjusted
         2            tcwv     raw          0.450296                          0.389059             73083
         2           r_500     raw          0.356989                          0.326016             73083
         2           u_500     raw          0.094786                          0.238119             73083
         2             u10     raw          0.182614                          0.226215             73083
         2           r_850     raw          0.214118                          0.215597             73083
         2 delta_r_500_850 derived          0.232314                          0.194922             73083
         2             v10     raw          0.208836                          0.180706             73083
         2  wind_speed_500 derived          0.037254                          0.166428             73083

 lag_hours       predictor  source  spearman_rho_raw  spearman_rho_month_hour_adjusted  n_pairs_adjusted
         3            tcwv     raw          0.440768                          0.379892             72417
         3           r_500     raw          0.352197                          0.319625             72417
         3           u_500     raw          0.095336                          0.235097             72417
         3             u10     raw          0.191629                          0.222049             72417
         3           r_850     raw          0.198713                          0.200760             72417
         3 delta_r_500_850 derived          0.233719                          0.194987             72417
         3             v10     raw          0.173170                          0.166288             72417
         3  wind_speed_500 derived          0.036282                          0.161808             72417

 lag_hours       predictor  source  spearman_rho_raw  spearman_rho_month_hour_adjusted  n_pairs_adjusted
         6            tcwv     raw          0.420659                          0.357604             70686
         6           r_500     raw          0.338105                          0.298236             70686
         6           u_500     raw          0.094014                          0.226976             70686
         6             u10     raw          0.203903                          0.204384             70686
         6 delta_r_500_850 derived          0.235554                          0.191613             70686
         6           r_850     raw          0.161850                          0.161789             70686
         6           u_850     raw          0.144274                          0.160689             70686
         6  wind_speed_500 derived          0.030924                          0.149335             70686

 lag_hours       predictor  source  spearman_rho_raw  spearman_rho_month_hour_adjusted  n_pairs_adjusted
        12            tcwv     raw          0.401384                          0.323202             68358
        12           r_500     raw          0.320531                          0.268952             68358
        12           u_500     raw          0.055491                          0.198448             68358
        12 delta_r_500_850 derived          0.238393                          0.190546             68358
        12             u10     raw          0.169120                          0.177439             68358
        12           u_850     raw          0.077994                          0.165444             68358
        12           v_500     raw         -0.170634                         -0.139964             68358
        12  wind_speed_850 derived          0.094259                          0.127156             68358

 lag_hours             predictor  source  spearman_rho_raw  spearman_rho_month_hour_adjusted  n_pairs_adjusted
        24                  tcwv     raw          0.353604                          0.251451             70459
        24                 r_500     raw          0.268075                          0.213911             70459
        24       delta_r_500_850 derived          0.205054                          0.159576             70459
        24                 u_500     raw          0.027095                          0.157605             70459
        24                 u_850     raw          0.128985                          0.138723             70459
        24                 v_500     raw         -0.154602                         -0.124213             70459
        24                   u10     raw          0.044897                          0.103608             70459
        24 bulk_wind_diff_10_850 derived          0.101726                          0.099762             70459

AVISOS / NOTAS
------------------------------------------------------------------------------------------------------------
- WARNING: Phase 6 reported coverage warnings; lag analyses inherit non-random availability risk.
- NOTE: Raw lag associations may contain seasonal and diurnal structure; adjusted metrics remove month x local-hour means.
- NOTE: Adjusted associations are descriptive residual associations, not causal estimates.
- NOTE: Event persistence is timestamp-level: at least one stored patch pixel crosses the dBZ threshold.
- NOTE: Pixel-fraction metrics still describe the overlapping-patch training distribution, not a de-duplicated full field.
- NOTE: Lag 0 is retained only as a contemporaneous reference for predictor-to-radar associations.

============================================================================================================
FIM DA FASE 7
============================================================================================================